[array([0.05407 , 0.324357]), array([0.748431, 0.977621]), array([0.347859, 0.750073, 0.855229]), array([0.415836, 0.434072, 0.380664, 0.407748]), array([0.519929, 0.583747, 0.138939, 0.75886 ]), array([0.394497, 0.336516, 0.635579, 0.117587, 0.310005]), array([0.75179 , 0.981084, 0.487689, 0.690305, 0.779003, 0.760168]), array([0.061403, 0.529888, 0.046147, 0.233406, 0.724306, 0.381791,
       0.075956, 0.755671])]
[array([0.731023, 0.733029]), array([0.707476, 0.927029]), array([0.413867, 0.793714, 0.715778]), array([0.479151, 0.491668, 0.250838, 0.433797]), array([0.243831, 0.827313, 0.896885, 0.898502]), array([0.694176, 0.186349, 0.762627, 0.735911, 0.069728]), array([0.049477, 0.513045, 0.242472, 0.205099, 0.422422, 0.717963]), array([0.137114, 0.044647, 0.282198, 0.031686, 0.997369, 0.630585,
       0.02301 , 0.17861 ])]
[array([0.1, 0.1]), array([0.804132, 0.959434]), array([0.520344, 0.64623 , 0.354167]), array([0.449847, 0.426466, 0.427067, 0.490178]), array([0.245359, 0.849496, 0.901279, 0.861607]), array([0.910356, 0.650886, 0.395807, 0.534345, 0.287842]), array([0.      , 0.491672, 0.247422, 0.218118, 0.420428, 0.73097 ]), array([0.096875, 0.083128, 0.24146 , 0.072606, 0.949637, 0.610441,
       0.      , 0.225297])]
[array([0.1, 0.3]), array([0.703076, 0.941274]), array([0.472741, 0.629913, 0.359423]), array([0.403193, 0.439169, 0.272232, 0.460767]), array([0.263981, 0.866728, 0.921255, 0.879018]), array([0.688305, 0.194532, 0.705759, 0.72435 , 0.032873]), array([0.025   , 0.491672, 0.247422, 0.218118, 0.420428, 0.757285]), array([0.103098, 0.119763, 0.203472, 0.097325, 0.911992, 0.578841,
       0.      , 0.257574])]
[array([0.9, 0.9]), array([0.72, 0.96]), array([0.48, 0.65, 0.3 ]), array([0.42, 0.45, 0.4 , 0.42]), array([0.25, 0.88, 0.93, 0.89]), array([0.72, 0.18, 0.74, 0.75, 0.02]), array([0.03, 0.5 , 0.25, 0.22, 0.43, 0.79]), array([0.11, 0.12, 0.2 , 0.1 , 0.94, 0.6 , 0.  , 0.26])]
[array([0.9, 0.1]), array([0.705, 0.945]), array([0.47, 0.63, 0.36]), array([0.418, 0.442, 0.392, 0.414]), array([0.24, 0.89, 0.94, 0.9 ]), array([0.73 , 0.17 , 0.75 , 0.76 , 0.015]), array([0.012, 0.492, 0.247, 0.218, 0.42 , 0.744]), array([0.103, 0.12 , 0.203, 0.097, 0.92 , 0.58 , 0.   , 0.258])]
[array([0.1, 0.9]), array([0.704, 0.943]), array([0.471, 0.631, 0.358]), array([0.416, 0.44 , 0.388, 0.41 ]), array([0.235, 0.895, 0.945, 0.905]), array([0.74, 0.16, 0.76, 0.77, 0.01]), array([0.01 , 0.492, 0.247, 0.218, 0.42 , 0.745]), array([0.103, 0.12 , 0.203, 0.097, 0.916, 0.579, 0.   , 0.258])]